,separations,processivity,boundary_strength,TAD_size,threshold,first_passage_time,subTAD_LEFs_num,dist_to_neighbor_DSB,dist_to_CTCF
0,125,250,0.5,200,5,2,5,18891,13
1,125,250,0.5,200,3,6,5,18891,13
2,125,250,0.5,200,1,10,5,18891,13
3,125,250,0.5,400,5,17,6,20478,379
4,125,250,0.5,400,5,20,9,19961,25
5,125,250,0.5,400,3,24,9,19961,25
6,125,250,0.5,200,5,28,6,19140,185
7,125,250,0.5,400,1,28,10,19961,25
8,125,250,0.5,400,5,29,10,19649,2
9,125,250,0.5,400,3,31,10,19649,2
10,125,250,0.5,800,5,31,15,20144,498
11,125,250,0.5,200,3,32,7,19140,185
12,125,250,0.5,400,1,33,10,19649,2
13,125,250,0.5,200,1,36,8,19140,185
14,125,250,0.5,400,5,37,9,20056,377
15,125,250,0.5,200,5,41,15,19734,21
16,125,250,0.5,400,3,41,10,20056,377
17,125,250,0.5,400,5,42,16,19135,121
18,125,250,0.5,200,3,43,16,19734,21
19,125,250,0.5,200,5,43,10,19582,161
20,125,250,0.5,400,3,44,17,19135,121
21,125,250,0.5,400,1,45,11,20056,377
22,125,250,0.5,1200,5,45,18,20012,568
23,125,250,0.5,400,1,46,18,19135,121
24,125,250,0.5,400,5,46,14,19965,25
25,125,250,0.5,800,5,46,12,19834,38
26,125,250,0.5,200,3,47,12,19582,161
27,125,250,0.5,800,5,47,10,19877,778
28,125,250,0.5,1200,3,47,17,20012,568
29,125,250,0.5,800,3,49,10,19877,778
30,125,250,0.5,1200,1,49,17,20012,568
31,125,250,0.5,400,3,50,14,19965,25
32,125,250,0.5,200,1,51,13,19582,161
33,125,250,0.5,800,1,53,10,19877,778
34,125,250,0.5,400,1,54,14,19965,25
35,125,250,0.5,800,5,54,14,10246,733
36,125,250,0.5,200,5,58,11,19573,64
37,125,250,0.5,200,3,62,14,19573,64
38,125,250,0.5,200,1,66,15,19573,64
39,125,250,0.5,200,5,67,13,19632,174
40,125,250,0.5,1200,5,67,19,19944,85
41,125,250,0.5,200,5,68,13,19886,73
42,125,250,0.5,200,5,68,8,19709,2
43,125,250,0.5,200,3,69,14,19632,174
44,125,250,0.5,200,5,70,6,19867,80
45,125,250,0.5,800,5,70,21,20086,251
46,125,250,0.5,200,3,70,8,19709,2
47,125,250,0.5,1200,3,71,20,19944,85
48,125,250,0.5,200,3,72,14,19886,73
49,125,250,0.5,200,1,72,8,19709,2
50,125,250,0.5,200,3,74,7,19867,80
51,125,250,0.5,800,3,74,21,20086,251
52,125,250,0.5,1200,1,75,20,19944,85
53,125,250,0.5,400,5,75,19,19936,40
54,125,250,0.5,200,1,76,14,19886,73
55,125,250,0.5,400,5,76,18,20035,77
56,125,250,0.5,400,3,77,19,19936,40
57,125,250,0.5,200,1,78,7,19867,80
58,125,250,0.5,800,1,78,23,20086,251
59,125,250,0.5,400,1,79,19,19936,40
60,125,250,0.5,400,3,80,15,20035,77
61,125,250,0.5,200,5,82,18,20215,135
62,125,250,0.5,200,5,82,23,19271,117
63,125,250,0.5,200,5,83,17,20384,54
64,125,250,0.5,200,3,86,19,20215,135
65,125,250,0.5,200,3,86,23,19271,117
66,125,250,0.5,200,3,87,17,20384,54
67,125,250,0.5,1200,5,87,19,20702,632
68,125,250,0.5,200,5,90,15,19399,114
69,125,250,0.5,200,1,90,22,20215,135
70,125,250,0.5,200,1,90,23,19271,117
71,125,250,0.5,200,1,91,17,20384,54
72,125,250,0.5,200,3,94,17,19399,114
73,125,250,0.5,800,5,95,25,20400,747
74,125,250,0.5,1200,5,95,21,19387,425
75,125,250,0.5,400,5,95,21,20402,293
76,125,250,0.5,800,5,96,22,19986,436
77,125,250,0.5,800,3,97,26,20400,747
78,125,250,0.5,200,1,98,18,19399,114
79,125,250,0.5,800,3,98,19,19834,38
80,125,250,0.5,800,1,99,26,20400,747
81,125,250,0.5,1200,3,99,21,19387,425
82,125,250,0.5,400,3,99,22,20402,293
83,125,250,0.5,800,3,100,22,19986,436
84,125,250,0.5,400,5,102,19,20109,37
85,125,250,0.5,800,1,102,17,19834,38
86,125,250,0.5,1200,1,103,22,19387,425
87,125,250,0.5,400,1,103,24,20402,293
88,125,250,0.5,200,5,104,25,10253,109
89,125,250,0.5,400,3,104,20,20109,37
90,125,250,0.5,400,1,106,20,20109,37
91,125,250,0.5,200,5,106,19,19735,105
92,125,250,0.5,200,3,108,24,10253,109
93,125,250,0.5,400,5,108,22,19654,140
94,125,250,0.5,1200,3,109,19,20702,632
95,125,250,0.5,1200,5,110,21,20060,1061
96,125,250,0.5,200,3,110,19,19735,105
97,125,250,0.5,200,5,111,15,20097,61
98,125,250,0.5,400,5,111,28,20354,230
99,125,250,0.5,200,1,112,24,10253,109
100,125,250,0.5,400,3,112,23,19654,140
101,125,250,0.5,1200,3,112,22,20060,1061
102,125,250,0.5,200,3,113,16,20097,61
103,125,250,0.5,200,5,113,11,19577,114
104,125,250,0.5,1200,1,113,19,20702,632
105,125,250,0.5,400,5,114,22,19891,162
106,125,250,0.5,1200,1,114,23,20060,1061
107,125,250,0.5,1200,5,114,22,19019,77
108,125,250,0.5,200,1,114,19,19735,105
109,125,250,0.5,200,1,115,16,20097,61
110,125,250,0.5,400,3,115,27,20354,230
111,125,250,0.5,200,5,115,22,19569,93
112,125,250,0.5,400,1,116,24,19654,140
113,125,250,0.5,1200,3,116,22,19019,77
114,125,250,0.5,200,3,117,12,19577,114
115,125,250,0.5,200,5,117,18,20101,79
116,125,250,0.5,400,3,118,23,19891,162
117,125,250,0.5,1200,1,118,22,19019,77
118,125,250,0.5,400,1,119,27,20354,230
119,125,250,0.5,200,3,119,21,19569,93
120,125,250,0.5,200,5,120,14,19499,136
121,125,250,0.5,200,1,121,12,19577,114
122,125,250,0.5,200,3,121,18,20101,79
123,125,250,0.5,400,1,122,25,19891,162
124,125,250,0.5,200,1,123,22,19569,93
125,125,250,0.5,200,5,123,22,19928,130
126,125,250,0.5,200,3,124,14,19499,136
127,125,250,0.5,800,5,125,27,20097,133
128,125,250,0.5,200,1,125,18,20101,79
129,125,250,0.5,200,3,127,22,19928,130
130,125,250,0.5,200,1,128,15,19499,136
131,125,250,0.5,800,3,129,28,20097,133
132,125,250,0.5,200,1,131,23,19928,130
133,125,250,0.5,800,1,133,27,20097,133
134,125,250,0.5,800,5,134,30,19941,169
135,125,250,0.5,200,5,135,16,20134,142
136,125,250,0.5,400,5,135,19,19360,393
137,125,250,0.5,800,3,136,30,19941,169
138,125,250,0.5,200,5,136,17,19074,66
139,125,250,0.5,200,5,138,15,19634,101
140,125,250,0.5,800,1,138,30,19941,169
141,125,250,0.5,1200,5,138,23,20484,521
142,125,250,0.5,200,3,139,15,20134,142
143,125,250,0.5,400,3,139,18,19360,393
144,125,250,0.5,400,5,140,19,19569,259
145,125,250,0.5,1200,3,140,22,20484,521
146,125,250,0.5,200,3,140,17,19074,66
147,125,250,0.5,200,3,142,15,19634,101
148,125,250,0.5,1200,1,142,24,20484,521
149,125,250,0.5,400,5,142,24,19627,367
150,125,250,0.5,200,1,143,18,20134,142
151,125,250,0.5,200,5,143,18,19707,7
152,125,250,0.5,400,5,143,17,20153,251
153,125,250,0.5,400,1,143,18,19360,393
154,125,250,0.5,400,3,144,20,19569,259
155,125,250,0.5,400,3,144,25,19627,367
156,125,250,0.5,200,1,144,17,19074,66
157,125,250,0.5,200,5,145,23,19990,148
158,125,250,0.5,200,5,146,18,20153,143
159,125,250,0.5,200,1,146,16,19634,101
160,125,250,0.5,200,5,146,22,20090,44
161,125,250,0.5,400,1,146,26,19627,367
162,125,250,0.5,200,3,147,18,19707,7
163,125,250,0.5,400,3,147,18,20153,251
164,125,250,0.5,200,5,147,18,20166,50
165,125,250,0.5,400,1,148,19,19569,259
166,125,250,0.5,200,5,148,21,20568,42
167,125,250,0.5,800,5,149,27,19372,152
168,125,250,0.5,200,3,149,23,19990,148
169,125,250,0.5,200,3,150,19,20153,143
170,125,250,0.5,200,3,150,23,20090,44
171,125,250,0.5,200,5,150,19,20310,61
172,125,250,0.5,200,1,151,17,19707,7
173,125,250,0.5,400,1,151,17,20153,251
174,125,250,0.5,200,3,151,18,20166,50
175,125,250,0.5,200,5,152,14,20272,119
176,125,250,0.5,200,3,152,22,20568,42
177,125,250,0.5,800,3,153,27,19372,152
178,125,250,0.5,200,1,153,23,19990,148
179,125,250,0.5,200,1,154,23,20090,44
180,125,250,0.5,200,3,154,20,20310,61
181,125,250,0.5,1200,5,154,30,19503,424
182,125,250,0.5,200,1,155,18,20153,143
183,125,250,0.5,200,1,155,18,20166,50
184,125,250,0.5,1200,5,156,23,19383,80
185,125,250,0.5,200,5,156,26,19985,160
186,125,250,0.5,200,3,156,14,20272,119
187,125,250,0.5,1200,3,156,30,19503,424
188,125,250,0.5,200,1,156,23,20568,42
189,125,250,0.5,800,1,157,28,19372,152
190,125,250,0.5,1200,3,157,23,19383,80
191,125,250,0.5,1200,1,158,22,19383,80
192,125,250,0.5,200,1,158,19,20310,61
193,125,250,0.5,1200,1,158,31,19503,424
194,125,250,0.5,200,5,158,25,20074,142
195,125,250,0.5,800,5,160,23,19984,30
196,125,250,0.5,200,3,160,27,19985,160
197,125,250,0.5,200,1,160,15,20272,119
198,125,250,0.5,400,5,161,23,19988,55
199,125,250,0.5,800,3,162,23,19984,30
200,125,250,0.5,200,3,162,26,20074,142
201,125,250,0.5,400,3,163,23,19988,55
202,125,250,0.5,800,1,164,23,19984,30
203,125,250,0.5,200,5,164,27,20460,26
204,125,250,0.5,200,1,164,26,19985,160
205,125,250,0.5,400,1,165,24,19988,55
206,125,250,0.5,200,1,166,27,20074,142
207,125,250,0.5,200,3,168,28,20460,26
208,125,250,0.5,800,5,169,22,19881,500
209,125,250,0.5,800,5,169,15,20102,449
210,125,250,0.5,400,5,169,20,19955,74
211,125,250,0.5,800,3,171,22,19881,500
212,125,250,0.5,1200,5,171,38,20085,797
213,125,250,0.5,800,5,171,27,20112,138
214,125,250,0.5,200,1,172,27,20460,26
215,125,250,0.5,800,5,172,21,20361,339
216,125,250,0.5,200,5,172,24,19562,55
217,125,250,0.5,800,1,173,22,19881,500
218,125,250,0.5,800,3,173,17,20102,449
219,125,250,0.5,400,3,173,20,19955,74
220,125,250,0.5,200,1,174,18,19734,21
221,125,250,0.5,800,3,174,21,20361,339
222,125,250,0.5,400,5,174,21,20222,72
223,125,250,0.5,1200,3,175,39,20085,797
224,125,250,0.5,800,5,175,25,19976,436
225,125,250,0.5,800,3,175,25,20112,138
226,125,250,0.5,800,5,176,26,20378,672
227,125,250,0.5,800,1,176,21,20361,339
228,125,250,0.5,200,5,176,26,19768,15
229,125,250,0.5,200,3,176,23,19562,55
230,125,250,0.5,800,1,177,17,20102,449
231,125,250,0.5,400,1,177,21,19955,74
232,125,250,0.5,800,3,178,26,20378,672
233,125,250,0.5,400,3,178,22,20222,72
234,125,250,0.5,1200,1,179,39,20085,797
235,125,250,0.5,800,5,179,32,20090,384
236,125,250,0.5,200,5,179,34,18941,38
237,125,250,0.5,800,3,179,25,19976,436
238,125,250,0.5,800,1,179,25,20112,138
239,125,250,0.5,800,1,180,27,20378,672
240,125,250,0.5,200,3,180,27,19768,15
241,125,250,0.5,200,1,180,23,19562,55
242,125,250,0.5,800,3,181,32,20090,384
243,125,250,0.5,200,5,181,15,19956,176
244,125,250,0.5,400,1,182,22,20222,72
245,125,250,0.5,800,1,183,32,20090,384
246,125,250,0.5,200,3,183,35,18941,38
247,125,250,0.5,800,1,183,24,19976,436
248,125,250,0.5,200,1,184,27,19768,15
249,125,250,0.5,200,3,185,16,19956,176
250,125,250,0.5,200,5,186,20,19938,6
251,125,250,0.5,200,1,187,35,18941,38
252,125,250,0.5,200,1,189,17,19956,176
253,125,250,0.5,200,3,190,21,19938,6
254,125,250,0.5,200,1,194,20,19938,6
255,125,250,0.5,400,5,194,29,19877,228
256,125,250,0.5,200,1,196,18,19632,174
257,125,250,0.5,800,5,197,25,20211,685
258,125,250,0.5,400,3,198,31,19877,228
259,125,250,0.5,400,5,201,17,19757,230
260,125,250,0.5,800,3,201,25,20211,685
261,125,250,0.5,400,1,202,32,19877,228
262,125,250,0.5,400,5,203,24,19954,214
263,125,250,0.5,400,3,205,18,19757,230
264,125,250,0.5,800,1,205,24,20211,685
265,125,250,0.5,800,5,207,33,20077,315
266,125,250,0.5,400,3,207,24,19954,214
267,125,250,0.5,400,1,209,19,19757,230
268,125,250,0.5,800,3,211,33,20077,315
269,125,250,0.5,400,5,211,40,19930,354
270,125,250,0.5,400,1,211,25,19954,214
271,125,250,0.5,400,3,214,41,19930,354
272,125,250,0.5,800,1,215,34,20077,315
273,125,250,0.5,400,5,216,26,20293,221
274,125,250,0.5,400,1,218,42,19930,354
275,125,250,0.5,400,3,220,27,20293,221
276,125,250,0.5,800,5,221,37,19449,544
277,125,250,0.5,800,3,222,37,19449,544
278,125,250,0.5,400,1,224,26,20293,221
279,125,250,0.5,800,1,224,38,19449,544
280,125,250,0.5,400,5,226,31,20442,366
281,125,250,0.5,400,5,227,23,20134,98
282,125,250,0.5,400,3,228,30,20442,366
283,125,250,0.5,400,1,230,30,20442,366
284,125,250,0.5,1200,5,231,30,19317,247
285,125,250,0.5,400,3,231,24,20134,98
286,125,250,0.5,200,5,231,31,20098,180
287,125,250,0.5,400,5,231,25,20404,270
288,125,250,0.5,400,5,232,33,19559,197
289,125,250,0.5,1200,3,233,30,19317,247
290,125,250,0.5,800,5,234,33,19985,657
291,125,250,0.5,200,5,235,23,19743,188
292,125,250,0.5,1200,1,235,31,19317,247
293,125,250,0.5,400,1,235,24,20134,98
294,125,250,0.5,200,3,235,32,20098,180
295,125,250,0.5,400,3,235,24,20404,270
296,125,250,0.5,1200,5,236,32,20742,865
297,125,250,0.5,800,3,236,34,19985,657
298,125,250,0.5,400,3,236,33,19559,197
299,125,250,0.5,1200,5,237,28,20897,1033
300,125,250,0.5,800,5,238,29,20099,382
301,125,250,0.5,800,1,238,35,19985,657
302,125,250,0.5,200,3,239,24,19743,188
303,125,250,0.5,200,1,239,32,20098,180
304,125,250,0.5,800,3,240,29,20099,382
305,125,250,0.5,1200,3,240,30,20742,865
306,125,250,0.5,400,1,240,33,19559,197
307,125,250,0.5,1200,3,241,28,20897,1033
308,125,250,0.5,800,1,242,29,20099,382
309,125,250,0.5,200,1,243,25,19743,188
310,125,250,0.5,1200,1,244,30,20742,865
311,125,250,0.5,1200,1,245,27,20897,1033
312,125,250,0.5,800,3,245,27,10246,733
313,125,250,0.5,800,1,247,27,10246,733
314,125,250,0.5,800,1,252,25,19986,436
315,125,250,0.5,400,5,255,24,20081,306
316,125,250,0.5,1200,5,255,37,19064,112
317,125,250,0.5,800,5,256,35,19671,36
318,125,250,0.5,1200,5,256,46,20035,399
319,125,250,0.5,1200,3,257,37,19064,112
320,125,250,0.5,800,3,258,35,19671,36
321,125,250,0.5,1200,3,258,45,20035,399
322,125,250,0.5,400,3,259,24,20081,306
323,125,250,0.5,1200,1,259,37,19064,112
324,125,250,0.5,1200,1,260,46,20035,399
325,125,250,0.5,800,5,261,33,19962,248
326,125,250,0.5,400,1,263,23,20081,306
327,125,250,0.5,1200,5,264,30,20045,261
328,125,250,0.5,800,3,265,33,19962,248
329,125,250,0.5,1200,3,268,32,20045,261
330,125,250,0.5,800,1,269,34,19962,248
331,125,250,0.5,400,5,271,29,19492,125
332,125,250,0.5,400,1,271,23,20404,270
333,125,250,0.5,1200,1,272,31,20045,261
334,125,250,0.5,400,5,272,27,20276,283
335,125,250,0.5,400,3,275,29,19492,125
336,125,250,0.5,400,3,276,27,20276,283
337,125,250,0.5,400,5,277,27,19826,129
338,125,250,0.5,1200,5,278,42,20084,728
339,125,250,0.5,400,1,279,29,19492,125
340,125,250,0.5,400,1,280,29,20276,283
341,125,250,0.5,400,3,281,29,19826,129
342,125,250,0.5,1200,3,282,40,20084,728
343,125,250,0.5,400,1,285,30,19826,129
344,125,250,0.5,1200,1,286,40,20084,728
345,125,250,0.5,800,5,287,40,19964,686
346,125,250,0.5,800,3,291,41,19964,686
347,125,250,0.5,400,5,292,31,19754,103
348,125,250,0.5,1200,5,292,39,19878,598
349,125,250,0.5,400,5,293,39,20303,303
350,125,250,0.5,1200,3,294,40,19878,598
351,125,250,0.5,800,1,295,41,19964,686
352,125,250,0.5,400,3,296,30,19754,103
353,125,250,0.5,1200,1,296,39,19878,598
354,125,250,0.5,400,3,297,40,20303,303
355,125,250,0.5,400,5,297,36,20024,137
356,125,250,0.5,400,1,300,29,19754,103
357,125,250,0.5,400,1,301,41,20303,303
358,125,250,0.5,400,3,301,36,20024,137
359,125,250,0.5,1200,5,302,23,20259,962
360,125,250,0.5,400,1,305,36,20024,137
361,125,250,0.5,800,5,306,34,19766,217
362,125,250,0.5,1200,3,306,23,20259,962
363,125,250,0.5,800,3,310,33,19766,217
364,125,250,0.5,1200,1,310,25,20259,962
365,125,250,0.5,400,5,311,32,20450,237
366,125,250,0.5,400,5,312,25,20051,26
367,125,250,0.5,800,1,314,33,19766,217
368,125,250,0.5,400,5,314,29,19620,139
369,125,250,0.5,400,3,315,32,20450,237
370,125,250,0.5,400,3,316,25,20051,26
371,125,250,0.5,400,5,318,43,20117,272
372,125,250,0.5,400,5,318,35,19974,247
373,125,250,0.5,400,3,318,29,19620,139
374,125,250,0.5,400,1,319,31,20450,237
375,125,250,0.5,400,1,320,26,20051,26
376,125,250,0.5,1200,5,321,36,20475,881
377,125,250,0.5,400,3,322,43,20117,272
378,125,250,0.5,400,5,322,23,19662,291
379,125,250,0.5,400,3,322,36,19974,247
380,125,250,0.5,400,1,322,29,19620,139
381,125,250,0.5,400,5,325,35,20292,252
382,125,250,0.5,1200,3,325,35,20475,881
383,125,250,0.5,400,1,326,44,20117,272
384,125,250,0.5,400,3,326,23,19662,291
385,125,250,0.5,400,1,326,36,19974,247
386,125,250,0.5,400,3,329,35,20292,252
387,125,250,0.5,1200,1,329,34,20475,881
388,125,250,0.5,400,1,330,24,19662,291
389,125,250,0.5,400,1,333,34,20292,252
390,125,250,0.5,400,5,342,41,19795,92
391,125,250,0.5,800,5,344,31,19644,486
392,125,250,0.5,400,3,346,41,19795,92
393,125,250,0.5,1200,5,347,29,19926,782
394,125,250,0.5,800,3,348,31,19644,486
395,125,250,0.5,1200,3,349,30,19926,782
396,125,250,0.5,400,1,350,39,19795,92
397,125,250,0.5,800,1,352,32,19644,486
398,125,250,0.5,1200,5,381,29,19658,810
399,125,250,0.5,400,5,383,40,20290,178
400,125,250,0.5,1200,3,385,30,19658,810
401,125,250,0.5,400,1,387,32,20035,77
402,125,250,0.5,400,3,387,40,20290,178
403,125,250,0.5,1200,1,389,30,19658,810
404,125,250,0.5,400,1,391,40,20290,178
405,125,250,0.5,1200,5,395,45,19985,322
406,125,250,0.5,1200,3,397,46,19985,322
407,125,250,0.5,1200,1,399,47,19985,322
408,125,250,0.5,400,5,430,35,19443,379
409,125,250,0.5,400,5,432,38,20544,52
410,125,250,0.5,400,3,434,35,19443,379
411,125,250,0.5,800,5,435,36,20538,439
412,125,250,0.5,400,3,436,37,20544,52
413,125,250,0.5,400,1,438,34,19443,379
414,125,250,0.5,400,1,440,35,20544,52
415,125,250,0.5,1200,5,457,32,18992,168
416,125,250,0.5,1200,5,457,38,20793,944
417,125,250,0.5,1200,3,459,31,18992,168
418,125,250,0.5,1200,1,461,31,18992,168
419,125,250,0.5,1200,3,461,39,20793,944
420,125,250,0.5,1200,5,464,44,20541,848
421,125,250,0.5,1200,1,465,38,20793,944
422,125,250,0.5,1200,3,468,44,20541,848
423,125,250,0.5,800,5,469,47,19772,394
424,125,250,0.5,1200,1,472,43,20541,848
425,125,250,0.5,800,3,473,45,19772,394
426,125,250,0.5,800,1,477,45,19772,394
427,125,250,0.5,800,5,479,38,19785,394
428,125,250,0.5,800,3,483,36,19785,394
429,125,250,0.5,800,5,485,34,20241,682
430,125,250,0.5,800,5,486,32,20412,384
431,125,250,0.5,800,1,487,37,19785,394
432,125,250,0.5,800,3,489,35,20241,682
433,125,250,0.5,800,5,490,38,20069,448
434,125,250,0.5,800,3,490,33,20412,384
435,125,250,0.5,800,1,493,33,20241,682
436,125,250,0.5,800,3,494,39,20069,448
437,125,250,0.5,800,1,494,33,20412,384
438,125,250,0.5,800,1,498,39,20069,448
439,125,250,0.5,400,3,501,39,20478,379
440,125,250,0.5,400,1,505,39,20478,379
441,125,250,0.5,800,5,515,30,20414,351
442,125,250,0.5,800,3,519,29,20414,351
443,125,250,0.5,800,1,523,29,20414,351
444,125,250,0.5,1200,5,538,34,19166,462
445,125,250,0.5,800,5,540,31,20172,507
446,125,250,0.5,1200,3,542,35,19166,462
447,125,250,0.5,800,5,544,32,20020,785
448,125,250,0.5,800,3,544,32,20172,507
449,125,250,0.5,1200,1,546,35,19166,462
450,125,250,0.5,800,3,548,35,20020,785
451,125,250,0.5,800,1,548,31,20172,507
452,125,250,0.5,800,5,550,32,20301,656
453,125,250,0.5,1200,5,550,33,19071,25
454,125,250,0.5,800,1,552,34,20020,785
455,125,250,0.5,1200,3,552,33,19071,25
456,125,250,0.5,400,5,552,32,20209,309
457,125,250,0.5,800,3,554,35,20301,656
458,125,250,0.5,1200,1,554,34,19071,25
459,125,250,0.5,400,3,556,33,20209,309
460,125,250,0.5,400,1,560,33,20209,309
461,125,250,0.5,800,3,562,36,20144,498
462,125,250,0.5,800,1,566,37,20144,498
463,125,250,0.5,800,3,577,37,20538,439
464,125,250,0.5,800,1,581,39,20538,439
465,125,250,0.5,1200,5,590,46,19541,317
466,125,250,0.5,1200,3,594,46,19541,317
467,125,250,0.5,1200,1,598,47,19541,317
468,125,250,0.5,800,5,621,40,19848,252
469,125,250,0.5,800,5,627,44,20243,307
470,125,250,0.5,800,3,631,44,20243,307
471,125,250,0.5,800,1,635,43,20243,307
472,125,250,0.5,1200,5,642,44,20187,859
473,125,250,0.5,1200,3,644,43,20187,859
474,125,250,0.5,1200,1,646,43,20187,859
475,125,250,0.5,1200,5,649,35,20778,922
476,125,250,0.5,1200,3,650,35,20778,922
477,125,250,0.5,1200,1,652,35,20778,922
478,125,250,0.5,1200,5,652,44,19978,724
479,125,250,0.5,1200,3,656,44,19978,724
480,125,250,0.5,1200,1,660,45,19978,724
481,125,250,0.5,800,5,672,46,19972,329
482,125,250,0.5,800,3,676,46,19972,329
483,125,250,0.5,800,1,680,43,19972,329
484,125,250,0.5,1200,5,705,51,20330,268
485,125,250,0.5,1200,3,707,51,20330,268
486,125,250,0.5,800,5,709,48,20431,549
487,125,250,0.5,1200,1,709,50,20330,268
488,125,250,0.5,800,1,711,36,20301,656
489,125,250,0.5,800,3,713,47,20431,549
490,125,250,0.5,800,1,717,47,20431,549
491,125,250,0.5,800,3,718,37,19848,252
492,125,250,0.5,800,1,722,37,19848,252
493,125,250,0.5,1200,5,739,33,20389,424
494,125,250,0.5,1200,3,741,33,20389,424
495,125,250,0.5,1200,1,743,33,20389,424
496,125,250,0.5,1200,5,749,39,20487,644
497,125,250,0.5,1200,3,753,39,20487,644
498,125,250,0.5,1200,1,757,39,20487,644
499,125,250,0.5,1200,5,786,43,19916,539
500,125,250,0.5,1200,3,790,43,19916,539
501,125,250,0.5,1200,1,794,43,19916,539
502,125,250,0.5,800,5,794,50,19794,107
503,125,250,0.5,800,3,798,50,19794,107
504,125,250,0.5,800,5,825,37,18737,15
505,125,250,0.5,800,3,829,36,18737,15
506,125,250,0.5,800,1,833,36,18737,15
507,125,250,0.5,1200,5,862,40,19681,533
508,125,250,0.5,1200,5,862,46,20301,664
509,125,250,0.5,1200,5,864,38,21560,872
510,125,250,0.5,1200,3,865,37,21560,872
511,125,250,0.5,1200,3,866,40,19681,533
512,125,250,0.5,1200,3,866,46,20301,664
513,125,250,0.5,1200,1,870,38,19681,533
514,125,250,0.5,1200,1,870,46,20301,664
515,125,250,0.5,800,5,874,35,20180,780
516,125,250,0.5,800,3,876,35,20180,780
517,125,250,0.5,800,1,880,35,20180,780
518,125,250,0.5,800,5,890,55,19612,438
519,125,250,0.5,800,3,894,55,19612,438
520,125,250,0.5,800,1,898,55,19612,438
521,125,250,0.5,1200,5,921,32,19643,745
522,125,250,0.5,1200,3,925,33,19643,745
523,125,250,0.5,1200,1,929,35,19643,745
524,125,250,0.5,1200,5,942,37,19561,432
525,125,250,0.5,1200,3,946,37,19561,432
526,125,250,0.5,1200,1,950,37,19561,432
527,125,250,0.5,1200,5,1004,45,20325,739
528,125,250,0.5,1200,5,1005,52,20029,418
529,125,250,0.5,1200,3,1008,45,20325,739
530,125,250,0.5,1200,3,1009,51,20029,418
531,125,250,0.5,1200,1,1012,47,20325,739
532,125,250,0.5,1200,1,1013,50,20029,418
533,125,250,0.5,800,1,1039,43,19794,107
534,125,250,0.5,1200,5,1041,40,19175,581
535,125,250,0.5,1200,3,1045,41,19175,581
536,125,250,0.5,1200,5,1047,35,19836,562
537,125,250,0.5,1200,1,1049,41,19175,581
538,125,250,0.5,1200,3,1051,35,19836,562
539,125,250,0.5,1200,5,1102,41,20207,546
540,125,250,0.5,1200,3,1103,41,20207,546
541,125,250,0.5,1200,1,1104,44,19926,782
542,125,250,0.5,1200,1,1105,41,20207,546
543,125,250,0.5,1200,5,1111,46,19980,453
544,125,250,0.5,1200,3,1112,46,19980,453
545,125,250,0.5,1200,1,1116,47,19980,453
546,125,250,0.5,1200,5,1136,32,19517,507
547,125,250,0.5,1200,3,1140,33,19517,507
548,125,250,0.5,1200,5,1142,46,19617,346
549,125,250,0.5,1200,5,1143,45,21065,1033
550,125,250,0.5,1200,1,1144,35,19517,507
551,125,250,0.5,1200,3,1144,46,19617,346
552,125,250,0.5,1200,3,1145,45,21065,1033
553,125,250,0.5,1200,1,1147,46,21065,1033
554,125,250,0.5,1200,5,1172,38,19728,800
555,125,250,0.5,1200,3,1176,38,19728,800
556,125,250,0.5,1200,1,1180,41,19728,800
557,125,250,0.5,800,5,1196,30,20196,797
558,125,250,0.5,800,3,1200,30,20196,797
559,125,250,0.5,800,1,1204,29,20196,797
560,125,250,0.5,1200,1,1205,45,21560,872
561,125,250,0.5,1200,5,1205,38,20056,1179
562,125,250,0.5,1200,3,1207,40,20056,1179
563,125,250,0.5,1200,1,1209,40,20056,1179
564,125,250,0.5,1200,5,1278,32,20211,344
565,125,250,0.5,1200,3,1282,33,20211,344
566,125,250,0.5,1200,5,1283,32,19428,217
567,125,250,0.5,1200,1,1286,32,20211,344
568,125,250,0.5,1200,5,1316,32,19694,703
569,125,250,0.5,1200,3,1320,32,19694,703
570,125,250,0.5,1200,1,1324,33,19694,703
571,125,250,0.5,1200,5,1337,39,20189,909
572,125,250,0.5,1200,5,1339,42,19786,592
573,125,250,0.5,1200,3,1341,41,20189,909
574,125,250,0.5,1200,3,1341,42,19786,592
575,125,250,0.5,1200,1,1343,41,19786,592
576,125,250,0.5,1200,1,1345,41,20189,909
577,125,250,0.5,1200,5,1379,44,20330,1009
578,125,250,0.5,1200,3,1383,45,20330,1009
579,125,250,0.5,1200,1,1387,45,20330,1009
580,125,250,0.5,800,5,1464,33,19482,87
581,125,250,0.5,800,3,1468,35,19482,87
582,125,250,0.5,800,1,1472,34,19482,87
583,125,250,0.5,1200,5,1485,42,19124,45
584,125,250,0.5,1200,3,1489,41,19124,45
585,125,250,0.5,1200,1,1493,42,19124,45
586,125,250,0.5,1200,5,1517,38,19536,66
587,125,250,0.5,1200,3,1521,37,19536,66
588,125,250,0.5,1200,1,1525,36,19536,66
589,125,250,0.5,1200,5,1547,38,20794,945
590,125,250,0.5,1200,3,1549,38,20794,945
591,125,250,0.5,1200,1,1551,37,20794,945
592,125,250,0.5,1200,1,1617,45,19836,562
593,125,250,0.5,1200,5,1624,45,20626,804
594,125,250,0.5,1200,3,1628,45,20626,804
595,125,250,0.5,1200,1,1632,45,20626,804
596,125,250,0.5,1200,5,1654,41,20424,250
597,125,250,0.5,1200,3,1658,41,20424,250
598,125,250,0.5,1200,1,1662,41,20424,250
599,125,250,0.5,1200,1,1703,39,19617,346
600,125,250,0.5,1200,5,1730,32,20063,377
601,125,250,0.5,1200,3,1732,33,20063,377
602,125,250,0.5,1200,1,1734,33,20063,377
603,125,250,0.5,1200,5,2021,44,19838,44
604,125,250,0.5,1200,3,2025,44,19838,44
605,125,250,0.5,1200,1,2029,41,19838,44
606,125,250,0.5,1200,5,2234,36,20972,853
607,125,250,0.5,1200,3,2238,36,20972,853
608,125,250,0.5,1200,1,2242,37,20972,853
609,125,250,0.5,1200,3,2472,36,19428,217
610,125,250,0.5,1200,1,2476,37,19428,217
611,125,250,0.5,1200,5,2516,36,20211,1086
612,125,250,0.5,1200,3,2520,35,20211,1086
613,125,250,0.5,1200,5,3842,40,19643,18
614,125,250,0.5,1200,3,3846,40,19643,18
615,125,250,0.5,1200,1,3850,40,19643,18
